        name      n_grid  grid_index      energy       total     elastic     fission  nu_fission  absorption     heatingindex_fissio   nu_t_data   nu_p_data   nu_d_datanu_d_precurs  nu_d_edist   reactions
   92234.70c       25480           1       25480       25480       25480       25480       25480       25480           1           4          18          16          10          42           6          51
   92235.70c       76525           1       76525       76525       76525       76525       76525       76525      542146           1         160         160          14          42           6          49
   92236.70c       24118           1       24118       24118       24118       24118       24118       24118           1           4          48          48          32          42           6          51
   92238.70c      157754           1      157754      157754      157754      157754      157754      157754           1           1          22          22          10          42           6          48
   93237.70c       41035           1       41035       41035       41035       41035       41035       41035           1           1          14          14          10          42           6          39
   94238.70c        5676           1        5676        5676        5676        5676        5676        5676           1           4          10          10          10          42           6          23
   94239.70c       72098           1       72098       72098       72098       72098       72098       72098           1           1        5454        5454          10          42           6          49
   94240.70c       47004           1       47004       47004       47004       47004       47004       47004           1           4          12          12          10          42           6          29
   94241.70c       18544           1       18544       18544       18544       18544       18544       18544           1           1          12          12          10          42           6          22
   94242.70c       16750           1       16750       16750       16750       16750       16750       16750           1           1          10          10          10          42           6          26
   95241.70c       19721           1       19721       19721       19721       19721       19721       19721           1           1         202         202          10          42           6          48
   95242.70c        3068           1        3068        3068        3068        3068        3068        3068           1           1          26          26           1           1           1          41
   95243.70c       27240           1       27240       27240       27240       27240       27240       27240           1           1         304         304          10          42           6          21
   96242.70c        5374           1        5374        5374        5374        5374        5374        5374           1           4          10          10          10          42           6          11
   96243.70c        6575           1        6575        6575        6575        6575        6575        6575           1           4          34          34           1           1           1          33
   96244.70c       19049           1       19049       19049       19049       19049       19049       19049           1           1          10           6           1           1           1          16
   96245.70c        5022           1        5022        5022        5022        5022        5022        5022           1           1          36          36          10          42           6          24
   42095.70c       11602           1       11602       11602       11602       11602       11602       11602           1           1           1           1           1           1           1          83
   43099.70c       53985           1       53985       53985       53985       53985       53985       53985           1           1           1           1           1           1           1          63
   44101.70c       11072           1       11072       11072       11072       11072       11072       11072           1           1           1           1           1           1           1         115
   44103.70c        3269           1        3269        3269        3269        3269        3269        3269           1           1           1           1           1           1           1          38
   47109.70c       39846           1       39846       39846       39846       39846       39846       39846           1           1           1           1           1           1           1          67
   54135.70c        2709           1        2709        2709        2709        2709        2709        2709           1           1           1           1           1           1           1          33
   55133.70c       29727           1       29727       29727       29727       29727       29727       29727           1           1           1           1           1           1           1          52
   60143.70c       25770           1       25770       25770       25770       25770       25770       25770           1           1           1           1           1           1           1          43
   60145.70c       35882           1       35882       35882       35882       35882       35882       35882           1           1           1           1           1           1           1          55
   62147.70c       39554           1       39554       39554       39554       39554       39554       39554           1           1           1           1           1           1           1          71
   62149.70c       26500           1       26500       26500       26500       26500       26500       26500           1           1           1           1           1           1           1          72
   62150.70c        8796           1        8796        8796        8796        8796        8796        8796           1           1           1           1           1           1           1          70
   62151.70c       17861           1       17861       17861       17861       17861       17861       17861           1           1           1           1           1           1           1          62
   62152.70c       22080           1       22080       22080       22080       22080       22080       22080           1           1           1           1           1           1           1          81
   63153.70c        9944           1        9944        9944        9944        9944        9944        9944           1           1           1           1           1           1           1          48
   64155.70c       12875           1       12875       12875       12875       12875       12875       12875           1           1           1           1           1           1           1          65
    8016.70c        2849           1        2849        2849        2849        2849        2849        2849           1           1           1           1           1           1           1          69
   40090.70c        4893           1        4893        4893        4893        4893        4893        4893           1           1           1           1           1           1           1          80
   40091.70c       15603           1       15603       15603       15603       15603       15603       15603           1           1           1           1           1           1           1          33
   40092.70c       13996           1       13996       13996       13996       13996       13996       13996           1           1           1           1           1           1           1          35
   40094.70c       13824           1       13824       13824       13824       13824       13824       13824           1           1           1           1           1           1           1          31
   40096.70c        8206           1        8206        8206        8206        8206        8206        8206           1           1           1           1           1           1           1          23
    1001.70c         590           1         590         590         590         590         590         590           1           1           1           1           1           1           1           4
    5010.70c         934           1         934         934         934         934         934         934           1           1           1           1           1           1           1          54
    5011.70c        3489           1        3489        3489        3489        3489        3489        3489           1           1           1           1           1           1           1          23
   26054.70c       21487           1       21487       21487       21487       21487       21487       21487           1           1           1           1           1           1           1          22
   26056.70c       30280           1       30280       30280       30280       30280       30280       30280           1           1           1           1           1           1           1          43
   26057.70c       15925           1       15925       15925       15925       15925       15925       15925           1           1           1           1           1           1           1          19
   26058.70c       12025           1       12025       12025       12025       12025       12025       12025           1           1           1           1           1           1           1          13
   28058.70c       47427           1       47427       47427       47427       47427       47427       47427           1           1           1           1           1           1           1          23
   28060.70c       25883           1       25883       25883       25883       25883       25883       25883           1           1           1           1           1           1           1          26
   28061.70c        7745           1        7745        7745        7745        7745        7745        7745           1           1           1           1           1           1           1          22
   28062.70c        9800           1        9800        9800        9800        9800        9800        9800           1           1           1           1           1           1           1          19
   28064.70c        8134           1        8134        8134        8134        8134        8134        8134           1           1           1           1           1           1           1          17
   25055.70c       12823           1       12823       12823       12823       12823       12823       12823           1           1           1           1           1           1           1          46
   42092.70c       14849           1       14849       14849       14849       14849       14849       14849           1           1           1           1           1           1           1          34
   42094.70c       11770           1       11770       11770       11770       11770       11770       11770           1           1           1           1           1           1           1          38
   42096.70c       14939           1       14939       14939       14939       14939       14939       14939           1           1           1           1           1           1           1          33
   42097.70c       15299           1       15299       15299       15299       15299       15299       15299           1           1           1           1           1           1           1          31
   42098.70c       22724           1       22724       22724       22724       22724       22724       22724           1           1           1           1           1           1           1          30
   42100.70c       20801           1       20801       20801       20801       20801       20801       20801           1           1           1           1           1           1           1          23
   14028.70c        8255           1        8255        8255        8255        8255        8255        8255           1           1           1           1           1           1           1          64
   14029.70c        5034           1        5034        5034        5034        5034        5034        5034           1           1           1           1           1           1           1          66
   14030.70c        6235           1        6235        6235        6235        6235        6235        6235           1           1           1           1           1           1           1          40
   24050.70c       33355           1       33355       33355       33355       33355       33355       33355           1           1           1           1           1           1           1          21
   24052.70c       23617           1       23617       23617       23617       23617       23617       23617           1           1           1           1           1           1           1          24
   24053.70c       15271           1       15271       15271       15271       15271       15271       15271           1           1           1           1           1           1           1          27
   24054.70c       15260           1       15260       15260       15260       15260       15260       15260           1           1           1           1           1           1           1          16
    6000.70c        1303           1        1303        1303        1303        1303        1303        1303           1           1           1           1           1           1           1          24
   29063.70c       25630           1       25630       25630       25630       25630       25630       25630           1           1           1           1           1           1           1          39
   29065.70c       19692           1       19692       19692       19692       19692       19692       19692           1           1           1           1           1           1           1          31
